15,1845
20,2348
21,1084
37,1107
272,1722
294,1299
350,2030
370,589
589,370
654,904
662,910
670,1137
904,654
910,662
952,2590
1022,1997
1050,1231
1084,21
1107,37
1137,670
1218,1558
1231,1050
1232,2385
1299,294
1301,3508
1340,1341
1341,1340
1350,4967
1558,1218
1601,3559
1651,2516
1653,2285
1684,4641
1722,272
1845,15
1866,4101
1997,1022
2030,350
2062,4089
2241,3991
2285,1653
2287,2748
2348,20
2377,2548
2385,1232
2516,1651
2536,2730
2548,2377
2578,2692
2590,952
2666,2819
2671,2831
2688,2827
2692,2578
2697,2820
2708,2814
2715,4084
2726,2828
2730,2536
2734,2816
2736,2815
2748,2287
2814,2708
2815,2736
2816,2734
2819,2666
2820,2697
2827,2688
2828,2726
2831,2671
3373,3374
3374,3373
3508,1301
3559,1601
3771,3772
3772,3771
3789,3790
3790,3789
3865,3867
3867,3865
3991,2241
4005,4006
4006,4005
4084,2715
4089,2062
4101,1866
4290,4291
4291,4290
4365,4366
4366,4365
4641,1684
4967,1350
