15,22221
17,22211
22,22222
25,22227
98,14769
416,1068
431,17148
677,22225
753,20901
853,17145
855,22213
952,1080
955,1083
968,1081
978,1084
989,17012
1005,1077
1012,1076
1013,16957
1015,1074
1026,1082
1027,1073
1030,1099
1046,4961
1049,4492
1051,7823
1053,7168
1054,7261
1056,4516
1059,5237
1060,5852
1061,7384
1062,4517
1063,9671
1064,4956
1065,7380
1066,8453
1068,416
1073,1027
1074,1015
1076,1012
1077,1005
1080,952
1081,968
1082,1026
1083,955
1084,978
1099,1030
3314,17205
4492,1049
4516,1056
4517,1062
4956,1064
4961,1046
5237,1059
5852,1060
7168,1053
7261,1054
7380,1065
7384,1061
7823,1051
8453,1066
9671,1063
14769,98
16957,1013
17012,989
17145,853
17148,431
17205,3314
20901,753
22211,17
22213,855
22221,15
22222,22
22225,677
22227,25
